0 0.290625 0.4203125 0.03359375 0.03125
0 0.27734375 0.50390625 0.03671875 0.040625
0 0.49921875 0.35859375 0.04765625 0.03515625
1 0.49921875 0.50234375 0.05703125 0.06171875
1 0.6953125 0.41015625 0.05546875 0.04921875
1 0.6609375 0.35546875 0.03203125 0.03828125
0 0.0875 0.83828125 0.04296875 0.0296875
0 0.15 0.821875 0.03125 0.01640625
1 0.21171875 0.92578125 0.1703125 0.06171875
0 0.3140625 0.84140625 0.03046875 0.02421875
1 0.815625 0.87421875 0.0453125 0.03046875
1 0.7625 0.865625 0.02578125 0.02109375
1 0.7484375 0.9390625 0.140625 0.03203125