1 0.508333 0.678009 0.047396 0.056944
0 0.496615 0.549769 0.051042 0.061574
0 0.544141 0.467130 0.039323 0.047222
1 0.338542 0.569907 0.041667 0.062037
0 0.136979 0.579167 0.044271 0.066667
1 0.276562 0.495370 0.047917 0.050926
1 0.924479 0.759028 0.038542 0.035648
0 0.961719 0.722917 0.032292 0.024537
1 0.884896 0.684259 0.025000 0.019444
1 0.882031 0.661574 0.021354 0.012963
0 0.825000 0.651389 0.019271 0.011111
1 0.752214 0.415046 0.031510 0.020833
1 0.807552 0.411806 0.027604 0.018056
1 0.892708 0.401852 0.022396 0.013889
0 0.856380 0.388889 0.021094 0.012963
0 0.847005 0.376157 0.012760 0.007870
