0 0.19765625 0.2890625 0.03671875 0.059375
1 0.20390625 0.215625 0.040625 0.04609375
1 0.39296875 0.23359375 0.05625 0.0609375
1 0.27734375 0.50390625 0.07734375 0.11875
0 0.11640625 0.54296875 0.05234375 0.09453125
0 0.62265625 0.1984375 0.05078125 0.053125
1 0.10390625 0.85859375 0.06328125 0.04296875
0 0.05703125 0.82578125 0.02421875 0.0265625
1 0.178125 0.8265625 0.02421875 0.01640625
1 0.26640625 0.86171875 0.03359375 0.02109375
1 0.6859375 0.853125 0.0234375 0.021875
0 0.8 0.840625 0.03203125 0.01640625