0 0.028385 0.333102 0.019271 0.025463
0 0.060026 0.296065 0.018490 0.030093
0 0.188542 0.385185 0.037500 0.046296
1 0.308203 0.280324 0.038281 0.043981
0 0.438672 0.353472 0.053385 0.064352
1 0.399219 0.261574 0.044271 0.049074
0 0.381120 0.241435 0.042969 0.039352
1 0.355208 0.231713 0.036458 0.038426
0 0.726172 0.909491 0.052344 0.031944
1 0.676562 0.886111 0.005208 0.012963
0 0.263672 0.906250 0.054948 0.022685
1 0.198828 0.881713 0.035677 0.010648
1 0.237891 0.881019 0.010677 0.007407
1 0.267188 0.886806 0.038021 0.010648
1 0.887500 0.434259 0.015104 0.030556
