0 0.26640625 0.5171875 0.06171875 0.040625
0 0.1859375 0.56328125 0.06796875 0.040625
0 0.6609375 0.4609375 0.0375 0.0265625
1 0.78046875 0.47890625 0.053125 0.03515625
1 0.925 0.821875 0.04296875 0.0390625
0 0.7609375 0.771875 0.03203125 0.021875
1 0.8453125 0.76484375 0.02890625 0.02109375
0 0.1375 0.7984375 0.04140625 0.02578125
0 0.084375 0.8125 0.03671875 0.02890625
1 0.50390625 0.49921875 0.0515625 0.04375
0 0.4828125 0.87734375 0.015625 0.0109375
1 0.5515625 0.865625 0.0078125 0.009375
1 0.571875 0.93828125 0.01328125 0.0125
0 0.4578125 0.94375 0.0140625 0.0171875
1 0.325 0.853125 0.0484375 0.03046875