0 0.061068 0.268519 0.021094 0.027778
1 0.863672 0.387731 0.015885 0.026389
1 0.651823 0.420602 0.037500 0.064352
0 0.555469 0.371759 0.046354 0.060185
0 0.528125 0.316667 0.036458 0.043519
1 0.514844 0.273843 0.031771 0.040278
0 0.514193 0.234491 0.036198 0.036574
1 0.323698 0.227315 0.034375 0.041667
1 0.217448 0.849769 0.021875 0.011574
1 0.848177 0.864120 0.033854 0.017130
0 0.773047 0.881019 0.051302 0.024074
0 0.729818 0.870370 0.033073 0.018519
1 0.705339 0.859722 0.026302 0.016667
0 0.686849 0.853009 0.011719 0.012500
0 0.030208 0.331019 0.019271 0.034259
