0 0.3421875 0.50234375 0.06796875 0.06328125
0 0.19921875 0.45234375 0.0484375 0.03828125
0 0.16953125 0.8140625 0.02734375 0.02109375
0 0.240625 0.86484375 0.059375 0.040625
0 0.06328125 0.85546875 0.04453125 0.04140625
1 0.690625 0.48984375 0.05859375 0.05625
1 0.96171875 0.5796875 0.0765625 0.07265625
1 0.74453125 0.86328125 0.05078125 0.04765625
1 0.93671875 0.83828125 0.05 0.040625
1 0.2875 0.39765625 0.05 0.0328125
0 0.1171875 0.62265625 0.1046875 0.071875
1 0.23828125 0.8171875 0.03359375 0.02578125