0 0.5203125 0.35078125 0.0390625 0.046875
1 0.45 0.29921875 0.05 0.0453125
0 0.42421875 0.3453125 0.04296875 0.04453125
1 0.6484375 0.47109375 0.05234375 0.06640625
0 0.359375 0.4234375 0.0453125 0.06953125
1 0.35234375 0.33125 0.03671875 0.0453125
0 0.14140625 0.80625 0.0359375 0.0359375
0 0.228125 0.81875 0.03359375 0.02109375
0 0.3078125 0.8328125 0.0390625 0.0265625
0 0.71015625 0.8015625 0.04296875 0.0234375
1 0.87421875 0.80390625 0.04296875 0.0296875
1 0.265625 0.81171875 0.0390625 0.025
1 0.18984375 0.8046875 0.03125 0.01953125