1 0.3765625 0.77578125 0.06015625 0.0859375
1 0.384375 0.7359375 0.0453125 0.04921875
1 0.35 0.6328125 0.028125 0.028125
0 0.3734375 0.6546875 0.03671875 0.0328125
0 0.43359375 0.65390625 0.0234375 0.02890625
0 0.63515625 0.20390625 0.059375 0.046875
0 0.67578125 0.640625 0.03046875 0.02109375
0 0.571875 0.6796875 0.0203125 0.0203125
1 0.58515625 0.6625 0.02578125 0.01953125
0 0.41015625 0.23515625 0.04296875 0.0390625
1 0.41640625 0.2125 0.059375 0.03359375
1 0.34609375 0.30703125 0.053125 0.04296875
1 0.30859375 0.321875 0.06484375 0.04453125
0 0.4390625 0.921875 0.09453125 0.10625