1 0.059375 0.46796875 0.0265625 0.0234375
1 0.0671875 0.425 0.0203125 0.0171875
1 0.09375 0.4 0.0265625 0.02109375
0 0.096875 0.42421875 0.02109375 0.0171875
1 0.1140625 0.378125 0.01875 0.01796875
1 0.2953125 0.3625 0.03671875 0.02578125
1 0.36640625 0.3375 0.03046875 0.01875
1 0.49296875 0.4109375 0.05859375 0.0375
0 0.49296875 0.38125 0.04765625 0.0265625
0 0.70390625 0.37265625 0.03984375 0.0265625
0 0.68203125 0.35390625 0.01953125 0.01953125
0 0.8828125 0.83828125 0.08984375 0.0375
0 0.8078125 0.82578125 0.06015625 0.03203125
1 0.2234375 0.80703125 0.08359375 0.02265625
1 0.384375 0.8140625 0.046875 0.0296875
0 0.90703125 0.41171875 0.02109375 0.02578125
0 0.88671875 0.390625 0.01796875 0.0234375
0 0.8671875 0.384375 0.02265625 0.0234375