1 0.09296875 0.4171875 0.03125 0.0265625
1 0.121875 0.40625 0.02578125 0.0203125
1 0.1390625 0.39296875 0.015625 0.0140625
0 0.93125 0.41796875 0.0234375 0.0359375
0 0.90859375 0.403125 0.021875 0.03046875
0 0.27109375 0.41328125 0.03984375 0.02890625
0 0.465625 0.37109375 0.04140625 0.02890625
1 0.51171875 0.39921875 0.04375 0.03671875
1 0.6859375 0.42578125 0.04765625 0.03359375
1 0.7859375 0.9390625 0.1140625 0.09375
1 0.91953125 0.9359375 0.1515625 0.103125
0 0.38203125 0.87421875 0.05078125 0.078125