0 0.2484375 0.35234375 0.04140625 0.03984375
0 0.2765625 0.2875 0.03515625 0.03671875
0 0.115625 0.82578125 0.0421875 0.02109375
0 0.6828125 0.2515625 0.03359375 0.03046875
0 0.17265625 0.81171875 0.034375 0.01640625
0 0.71171875 0.81171875 0.02265625 0.01640625
1 0.68828125 0.825 0.0265625 0.01796875
1 0.73828125 0.8109375 0.02734375 0.01328125
1 0.77578125 0.81484375 0.0375 0.01484375
1 0.646875 0.278125 0.03046875 0.034375
1 0.70703125 0.28515625 0.034375 0.0265625
1 0.7265625 0.328125 0.03359375 0.03515625