0 0.26875 0.440625 0.07734375 0.078125
0 0.1890625 0.91171875 0.0484375 0.04296875
0 0.2765625 0.87109375 0.021875 0.02109375
0 0.43125 0.3265625 0.04375 0.03046875
0 0.69296875 0.32578125 0.04609375 0.03125
0 0.77421875 0.85078125 0.021875 0.01640625
1 0.790625 0.37734375 0.0671875 0.0484375
1 0.86640625 0.43515625 0.06171875 0.06015625
1 0.953125 0.5046875 0.07421875 0.0578125
1 0.9046875 0.89296875 0.046875 0.04296875
1 0.86015625 0.8640625 0.028125 0.02109375
1 0.8234375 0.8609375 0.03515625 0.02109375