1 0.70703125 0.803125 0.03046875 0.03046875
1 0.93359375 0.7828125 0.034375 0.0203125
1 0.628125 0.534375 0.028125 0.0265625
1 0.4453125 0.4328125 0.03203125 0.02578125
0 0.58359375 0.421875 0.02265625 0.01953125
0 0.8078125 0.76328125 0.01796875 0.015625
0 0.21796875 0.76015625 0.04140625 0.02109375
0 0.2375 0.74765625 0.0234375 0.0140625
0 0.10234375 0.76015625 0.03203125 0.01484375
0 0.20390625 0.50625 0.0296875 0.03671875
0 0.328125 0.4609375 0.0359375 0.03203125
0 0.32421875 0.4296875 0.02421875 0.01953125