1 0.421875 0.23046875 0.0453125 0.06328125
1 0.24375 0.27890625 0.05234375 0.06953125
1 0.23046875 0.42265625 0.05078125 0.06171875
0 0.171875 0.51328125 0.0625 0.0515625
0 0.80859375 0.42109375 0.0546875 0.0671875
0 0.63828125 0.22265625 0.053125 0.05390625
1 0.24765625 0.80078125 0.040625 0.03671875
1 0.16015625 0.80546875 0.02890625 0.04296875
0 0.1140625 0.7953125 0.0265625 0.03203125
1 0.2953125 0.90078125 0.04140625 0.03984375
0 0.69921875 0.88671875 0.0375 0.0328125
0 0.83984375 0.80703125 0.03203125 0.028125