1 0.14140625 0.503125 0.03984375 0.04921875
0 0.27109375 0.571875 0.0484375 0.065625
1 0.36953125 0.54140625 0.04296875 0.06015625
1 0.4671875 0.6359375 0.05078125 0.07109375
0 0.49921875 0.503125 0.04609375 0.053125
0 0.6046875 0.47265625 0.040625 0.04921875
0 0.78046875 0.425 0.0390625 0.02734375
1 0.81640625 0.40546875 0.028125 0.01953125
1 0.8734375 0.40078125 0.02734375 0.01953125
0 0.8453125 0.38359375 0.0234375 0.01484375
0 0.86484375 0.36953125 0.01953125 0.0125
0 0.8640625 0.671875 0.02578125 0.01953125
1 0.90078125 0.6890625 0.025 0.01484375
1 0.91484375 0.73046875 0.03671875 0.0359375
0 0.975 0.715625 0.028125 0.0265625