0 0.24453125 0.80546875 0.0359375 0.0140625
0 0.13203125 0.784375 0.04375 0.028125
0 0.0625 0.7953125 0.02890625 0.0140625
1 0.75234375 0.7828125 0.04375 0.015625
1 0.8390625 0.7703125 0.04609375 0.01953125
1 0.94765625 0.8 0.01796875 0.0140625
0 0.196875 0.471875 0.01875 0.05625
0 0.27265625 0.375 0.0515625 0.04453125
0 0.371875 0.29609375 0.0328125 0.015625
1 0.56796875 0.28984375 0.04296875 0.0359375
1 0.6484375 0.33828125 0.04375 0.0484375
0 0.025 0.4765625 0.0203125 0.03671875
1 0.76484375 0.471875 0.0140625 0.02578125