0 0.24921875 0.528125 0.05546875 0.05078125
0 0.32578125 0.44140625 0.05078125 0.05390625
0 0.3453125 0.3765625 0.0421875 0.034375
1 0.5828125 0.35546875 0.05 0.0421875
1 0.5984375 0.4515625 0.0484375 0.04921875
1 0.63515625 0.54609375 0.0703125 0.06484375
1 0.79296875 0.76875 0.040625 0.01640625
1 0.86796875 0.78046875 0.05078125 0.025
1 0.94296875 0.78671875 0.01640625 0.01875
0 0.15703125 0.80546875 0.03359375 0.01796875
0 0.10390625 0.80234375 0.040625 0.03359375
0 0.04140625 0.80703125 0.02578125 0.02109375