0 0.155469 0.531019 0.047396 0.061111
0 0.138151 0.613194 0.043490 0.058796
1 0.480078 0.582639 0.062760 0.081019
0 0.675391 0.350231 0.033594 0.035648
1 0.243490 0.362731 0.039583 0.035648
1 0.317839 0.322917 0.035156 0.033796
1 0.691016 0.915741 0.034115 0.068519
0 0.792448 0.809491 0.026562 0.011574
1 0.894531 0.610880 0.022396 0.044907
1 0.873958 0.508333 0.023958 0.038889
0 0.068750 0.837731 0.027604 0.017130
0 0.105859 0.832639 0.041927 0.014352
1 0.210807 0.819907 0.030990 0.011111
1 0.267708 0.818287 0.022917 0.008796
