1 0.5109375 0.66796875 0.06015625 0.04609375
1 0.6140625 0.6015625 0.053125 0.0328125
0 0.6578125 0.628125 0.05546875 0.040625
0 0.7984375 0.57421875 0.05078125 0.0359375
1 0.91640625 0.72421875 0.03203125 0.046875
0 0.14609375 0.7078125 0.02890625 0.03125
0 0.01484375 0.3625 0.0296875 0.0328125
1 0.21796875 0.296875 0.0484375 0.0234375
0 0.0890625 0.3484375 0.0328125 0.01484375
1 0.66484375 0.24140625 0.0234375 0.0109375
1 0.60546875 0.24296875 0.02109375 0.01171875
1 0.62890625 0.27734375 0.0125 0.01328125